[gd_scene load_steps=14 format=3 uid="uid://dw2g76mhnps6n"]

[ext_resource type="Shader" uid="uid://b6jsfeli3qim" path="res://shaders/ir_shader.tres" id="1_i4jis"]
[ext_resource type="Script" path="res://shaders/demo/ir_shader.gd" id="1_p7e8y"]
[ext_resource type="ArrayMesh" uid="uid://bsrxmndxpa0gm" path="res://assets/gunmech_actual.obj" id="3_8ggd8"]
[ext_resource type="Material" uid="uid://cr3o3nwa7xg1b" path="res://materials/generic_toon.tres" id="4_nf5rt"]

[sub_resource type="Gradient" id="Gradient_iflpj"]
colors = PackedColorArray(0, 0, 0, 1, 0.337337, 1, 0.258019, 1)

[sub_resource type="FastNoiseLite" id="FastNoiseLite_aflen"]
frequency = 0.4641
offset = Vector3(0, 0, -426.624)
fractal_octaves = 2

[sub_resource type="NoiseTexture2D" id="NoiseTexture2D_15dbl"]
in_3d_space = true
color_ramp = SubResource("Gradient_iflpj")
noise = SubResource("FastNoiseLite_aflen")

[sub_resource type="ShaderMaterial" id="ShaderMaterial_hqgrx"]
render_priority = 0
shader = ExtResource("1_i4jis")
shader_parameter/image_brightness = 10.0
shader_parameter/tint = Color(1, 1, 1, 1)
shader_parameter/brightness_mult = 5.0
shader_parameter/background_noise = SubResource("NoiseTexture2D_15dbl")

[sub_resource type="QuadMesh" id="QuadMesh_42kpf"]
material = SubResource("ShaderMaterial_hqgrx")
size = Vector2(2, 2)

[sub_resource type="CapsuleMesh" id="CapsuleMesh_ikwpo"]
material = ExtResource("4_nf5rt")

[sub_resource type="ProceduralSkyMaterial" id="ProceduralSkyMaterial_h4pmv"]

[sub_resource type="Sky" id="Sky_081d3"]
sky_material = SubResource("ProceduralSkyMaterial_h4pmv")

[sub_resource type="Environment" id="Environment_eh4v2"]
sky = SubResource("Sky_081d3")

[node name="IrShader" type="Node3D" node_paths=PackedStringArray("plane")]
transform = Transform3D(0.999609, -0.0279266, -0.00113173, 0.0279253, 0.999609, -0.00118544, 0.0011644, 0.00115337, 0.999999, 0, 0, 0)
script = ExtResource("1_p7e8y")
plane = NodePath("Plane")

[node name="Plane" type="MeshInstance3D" parent="."]
transform = Transform3D(1, 0, 0, 0, 1, 0, 0, 0, 1, -0.108382, 0, 0)
mesh = SubResource("QuadMesh_42kpf")

[node name="MeshInstance3D2" type="MeshInstance3D" parent="."]
transform = Transform3D(-0.0164569, 0.00826857, 0.00779743, 0.00939916, 0.0176158, 0.00115728, -0.00638944, 0.00461673, -0.018381, -0.623015, 0, -2.71458)
mesh = ExtResource("3_8ggd8")
surface_material_override/0 = ExtResource("4_nf5rt")

[node name="MeshInstance3D3" type="MeshInstance3D" parent="."]
transform = Transform3D(0.731672, 0.309193, 0.6075, -0.360334, 0.931951, -0.0403405, -0.578633, -0.189388, 0.793295, 1.45323, 0, -2.71458)
mesh = SubResource("CapsuleMesh_ikwpo")

[node name="vis" type="Node3D" parent="."]

[node name="Camera3D" type="Camera3D" parent="vis"]
transform = Transform3D(1, -3.71074e-09, -1.39698e-09, 1.73941e-11, 1, 9.31323e-10, -1.16415e-10, 3.49246e-10, 1, 0.00145646, 0.00144267, 1.25083)
current = true

[node name="WorldEnvironment" type="WorldEnvironment" parent="vis"]
environment = SubResource("Environment_eh4v2")

[node name="DirectionalLight3D" type="DirectionalLight3D" parent="vis"]
transform = Transform3D(0.810691, -0.37258, -0.451624, 0.585022, 0.485168, 0.649894, -0.0230235, -0.791073, 0.611289, 0, 0, 0)
light_energy = 0.2
